0 0.749720 0.678043 0.095547 0.043388
0 0.843070 0.596499 0.088953 0.038901
0 0.840323 0.633156 0.085660 0.037411
0 0.835930 0.667566 0.079073 0.037402
0 0.951243 0.426680 0.070287 0.043388
0 0.946847 0.458102 0.074680 0.040400
0 0.740387 0.574060 0.138373 0.053860
0 0.755213 0.629414 0.093347 0.038901
0 0.611347 0.237416 0.141667 0.074814
0 0.952340 0.390772 0.065893 0.037402
0 0.873267 0.463342 0.081267 0.044886
0 0.869973 0.428915 0.090053 0.032943
0 0.867780 0.384787 0.090053 0.040400
0 0.796393 0.455858 0.079067 0.047884
0 0.794747 0.409473 0.084560 0.053860
0 0.611897 0.124450 0.142767 0.082289
0 0.611897 0.182802 0.140567 0.076303
