0 0.443656 0.036897 0.175275 0.062835
0 0.087703 0.034905 0.175269 0.069810
0 0.262434 0.036150 0.185006 0.070328
0 0.634619 0.041387 0.182850 0.065834
0 0.828825 0.037645 0.181762 0.058349
0 0.095816 0.121435 0.174194 0.070320
0 0.265087 0.112455 0.186200 0.070320
0 0.442575 0.110212 0.175275 0.077796
0 0.620016 0.106469 0.170944 0.064330
0 0.820656 0.100484 0.178625 0.070320
0 0.097441 0.193250 0.164456 0.067329
0 0.268278 0.187710 0.172031 0.080795
0 0.444741 0.182774 0.175269 0.073310
0 0.615631 0.175298 0.173212 0.067329
0 0.813681 0.182027 0.179600 0.074806
0 0.145047 0.400471 0.190419 0.113717
0 0.140175 0.538868 0.189337 0.115212
0 0.321291 0.544555 0.178519 0.118202
0 0.499862 0.411694 0.164562 0.142143
0 0.340875 0.408699 0.138488 0.079300
0 0.529672 0.546353 0.197994 0.124183
0 0.725500 0.543358 0.189337 0.121184
0 0.701700 0.417679 0.169862 0.085281
0 0.922528 0.361569 0.154944 0.071815
0 0.917003 0.440121 0.159044 0.061348
0 0.913872 0.505203 0.172256 0.074814
0 0.913872 0.574032 0.172256 0.068825
0 0.621634 0.776763 0.219631 0.061340
0 0.622666 0.856811 0.224069 0.089767
0 0.182372 0.859801 0.219631 0.113708
0 0.410659 0.807433 0.202319 0.104736
0 0.850463 0.813418 0.218550 0.071815
0 0.850463 0.877010 0.218550 0.076301
