0 0.676576 0.379365 0.114026 0.021730
0 0.575823 0.402426 0.091594 0.025234
0 0.573721 0.379014 0.093557 0.021027
0 0.482362 0.400324 0.093464 0.019625
0 0.485911 0.379365 0.091594 0.021730
0 0.473763 0.359738 0.076641 0.020328
0 0.342867 0.397941 0.114120 0.022430
0 0.241036 0.399342 0.099073 0.026637
0 0.246831 0.374037 0.102807 0.025934
0 0.136823 0.400043 0.111219 0.025234
0 0.138224 0.376561 0.112156 0.028738
0 0.633583 0.897738 0.119635 0.022430
0 0.631714 0.867244 0.108417 0.021730
0 0.524698 0.901244 0.101875 0.022434
0 0.521427 0.866193 0.102812 0.019629
0 0.417169 0.901596 0.103839 0.021730
0 0.409740 0.865492 0.071969 0.015422
0 0.308328 0.901244 0.115896 0.019629
0 0.196641 0.901594 0.096271 0.020328
0 0.198510 0.881615 0.105615 0.016824
0 0.502268 0.813971 0.120568 0.024535
0 0.385859 0.816775 0.101031 0.025934
0 0.274685 0.796096 0.117766 0.019629
0 0.274685 0.816074 0.117766 0.020328
0 0.163461 0.811166 0.108422 0.021730
0 0.503669 0.741771 0.110286 0.024535
0 0.502268 0.712682 0.103745 0.026637
0 0.394737 0.739668 0.107578 0.024531
0 0.397589 0.714082 0.100010 0.021031
0 0.257859 0.739668 0.110292 0.020328
0 0.260664 0.715135 0.106547 0.024535
0 0.150844 0.738617 0.101875 0.022430
0 0.150378 0.717586 0.106547 0.021031
0 0.367680 0.652746 0.109349 0.023133
0 0.367633 0.630314 0.118797 0.021730
0 0.260198 0.653797 0.101875 0.022430
0 0.262531 0.625408 0.095333 0.020332
0 0.151266 0.650293 0.108510 0.023836
0 0.158786 0.625758 0.095333 0.021031
0 0.480771 0.573887 0.101875 0.025234
0 0.371138 0.572063 0.106547 0.025234
0 0.258794 0.574238 0.108422 0.020328
0 0.148039 0.549352 0.088786 0.023836
0 0.147104 0.572484 0.105615 0.022430
0 0.584982 0.482760 0.110286 0.039254
0 0.580310 0.455068 0.091599 0.021730
0 0.469089 0.493625 0.099073 0.020328
0 0.467404 0.469721 0.097203 0.023832
0 0.361792 0.491451 0.106552 0.022434
0 0.364409 0.470492 0.110286 0.023133
0 0.364878 0.449461 0.107484 0.017523
0 0.254589 0.491871 0.111219 0.022430
0 0.255055 0.471543 0.110286 0.023836
0 0.258750 0.449461 0.112250 0.020328
0 0.138693 0.491172 0.107479 0.025234
0 0.677513 0.400043 0.110286 0.019625
