0 0.285042 0.835176 0.169717 0.056834
0 0.132692 0.078103 0.160783 0.068819
0 0.134183 0.137211 0.157800 0.067337
0 0.134183 0.202286 0.161767 0.074824
0 0.289508 0.078844 0.148883 0.067337
0 0.752492 0.212023 0.151850 0.070327
0 0.092500 0.417751 0.157800 0.062839
0 0.095475 0.484322 0.161783 0.070302
0 0.251300 0.419234 0.153833 0.074799
0 0.249308 0.482827 0.155817 0.076307
0 0.406617 0.482827 0.152833 0.067312
0 0.560950 0.417739 0.161767 0.074824
0 0.564917 0.488065 0.157800 0.080804
0 0.715275 0.417739 0.146883 0.065829
0 0.718758 0.489560 0.151850 0.068819
0 0.117308 0.730440 0.159783 0.056859
0 0.110867 0.782073 0.170700 0.049372
0 0.116817 0.835176 0.170700 0.047889
0 0.262708 0.735678 0.172683 0.061357
0 0.284042 0.787299 0.177650 0.053844
0 0.286525 0.891281 0.168717 0.052362
0 0.453758 0.788794 0.159783 0.050854
0 0.450783 0.834422 0.165733 0.046382
0 0.453258 0.883065 0.164750 0.059849
0 0.612067 0.744711 0.144900 0.058266
0 0.612550 0.809749 0.153833 0.059849
0 0.610575 0.877073 0.155817 0.071834
0 0.761925 0.749146 0.154817 0.067337
0 0.763908 0.811985 0.142917 0.052362
0 0.764900 0.872575 0.154833 0.068819
0 0.290000 0.141683 0.153833 0.073317
0 0.291492 0.206771 0.156817 0.074799
0 0.752500 0.149925 0.149867 0.065829
0 0.595183 0.152161 0.144900 0.073317
0 0.751500 0.089322 0.149867 0.064322
