0 0.482080 0.369628 0.112801 0.038359
0 0.483973 0.403945 0.110531 0.036339
0 0.487758 0.440284 0.110531 0.036339
0 0.193264 0.408490 0.130215 0.041385
0 0.200834 0.450380 0.131730 0.038354
0 0.205391 0.490266 0.131719 0.043427
0 0.300766 0.399404 0.101445 0.035328
0 0.394262 0.388302 0.103719 0.031292
0 0.398426 0.419594 0.110531 0.035333
0 0.401455 0.455932 0.096902 0.039365
0 0.330670 0.570500 0.114316 0.062583
0 0.526748 0.518010 0.105230 0.076719
0 0.613051 0.514982 0.073438 0.054505
0 0.706510 0.497266 0.096980 0.049563
0 0.398426 0.661346 0.112047 0.092870
0 0.586176 0.625510 0.102961 0.083781
0 0.688455 0.607544 0.104473 0.085797
0 0.784525 0.591193 0.104473 0.075708
0 0.311363 0.436247 0.115070 0.038359
0 0.578680 0.357716 0.095391 0.030286
0 0.681564 0.339346 0.115074 0.044411
0 0.680809 0.382245 0.110531 0.031292
0 0.676645 0.410508 0.106742 0.033307
0 0.432494 0.543750 0.107504 0.063594
