0 0.41431623931623934 0.39903846153846156 0.1405982905982906 0.014903846153846155
0 0.27307692307692305 0.3707932692307692 0.12735042735042734 0.01658653846153846
0 0.27521367521367524 0.38461538461538464 0.13162393162393163 0.008173076923076924
0 0.27371794871794874 0.4020432692307692 0.1346153846153846 0.018509615384615385
0 0.4096153846153846 0.3704326923076923 0.12094017094017094 0.01730769230769231
0 0.4064102564102564 0.38485576923076925 0.12478632478632479 0.011057692307692308
0 0.5329059829059829 0.3707932692307692 0.12136752136752137 0.013221153846153846
0 0.8758547008547009 0.21814903846153846 0.06025641025641026 0.08004807692307692
0 0.8136752136752137 0.3401442307692308 0.09316239316239316 0.016346153846153847
0 0.8147435897435897 0.32415865384615383 0.09273504273504274 0.01610576923076923
0 0.8136752136752137 0.3080528846153846 0.09316239316239316 0.01610576923076923
0 0.8164529914529914 0.2907451923076923 0.09615384615384616 0.018509615384615385
0 0.7155982905982906 0.33810096153846153 0.09957264957264957 0.017548076923076923
0 0.7143162393162393 0.32295673076923076 0.09273504273504274 0.01514423076923077
0 0.7147435897435898 0.3036057692307692 0.09615384615384616 0.021634615384615384
0 0.6104700854700855 0.33834134615384615 0.10384615384615385 0.01706730769230769
0 0.6138888888888889 0.32103365384615384 0.10982905982905983 0.01610576923076923
0 0.6155982905982906 0.3032451923076923 0.1047008547008547 0.019471153846153846
0 0.49893162393162394 0.3387019230769231 0.10897435897435898 0.016346153846153847
0 0.49743589743589745 0.32211538461538464 0.11196581196581197 0.016826923076923076
0 0.5032051282051282 0.30420673076923077 0.1064102564102564 0.020432692307692308
0 0.4790598290598291 0.28389423076923076 0.09829059829059829 0.012980769230769231
0 0.382051282051282 0.3387019230769231 0.1188034188034188 0.019230769230769232
0 0.8931623931623932 0.3018028846153846 0.037606837606837605 0.05456730769230769
0 0.3799145299145299 0.321875 0.11794871794871795 0.01730769230769231
0 0.9282051282051282 0.3010817307692308 0.029914529914529916 0.05360576923076923
0 0.11431623931623931 0.19290865384615385 0.0405982905982906 0.08581730769230769
0 0.1985042735042735 0.48125 0.1388888888888889 0.021153846153846155
0 0.7534188034188034 0.21754807692307693 0.05897435897435897 0.0875
0 0.7044871794871795 0.21346153846153845 0.04230769230769231 0.08509615384615385
0 0.629059829059829 0.2454326923076923 0.11282051282051282 0.022115384615384617
0 0.6217948717948718 0.22403846153846155 0.10256410256410256 0.01971153846153846
0 0.5418803418803418 0.21826923076923077 0.03418803418803419 0.07211538461538461
0 0.5064102564102564 0.21634615384615385 0.03076923076923077 0.07692307692307693
0 0.47670940170940174 0.2152644230769231 0.03290598290598291 0.07572115384615384
0 0.44594017094017097 0.21466346153846153 0.02606837606837607 0.07692307692307693
0 0.41474358974358977 0.21225961538461538 0.03632478632478633 0.07307692307692308
0 0.37564102564102564 0.21021634615384616 0.040170940170940174 0.07620192307692308
0 0.33611111111111114 0.20961538461538462 0.03888888888888889 0.07740384615384616
0 0.3006410256410256 0.21610576923076924 0.029487179487179487 0.06442307692307692
0 0.2677350427350427 0.20865384615384616 0.03803418803418803 0.07932692307692307
0 0.22542735042735043 0.20625 0.04230769230769231 0.07692307692307693
0 0.06816239316239316 0.18990384615384615 0.047435897435897434 0.09423076923076923
0 0.19230769230769232 0.4573317307692308 0.14273504273504273 0.024278846153846154
0 0.3801282051282051 0.3002403846153846 0.12264957264957264 0.022115384615384617
0 0.2504273504273504 0.32067307692307695 0.1282051282051282 0.01971153846153846
0 0.1329059829059829 0.37127403846153845 0.147008547008547 0.018509615384615385
0 0.1361111111111111 0.3870192307692308 0.1405982905982906 0.012980769230769231
0 0.1326923076923077 0.4043269230769231 0.1363247863247863 0.01730769230769231
0 0.24615384615384617 0.29759615384615384 0.13247863247863248 0.027403846153846154
0 0.10790598290598291 0.3390625 0.14572649572649574 0.018509615384615385
0 0.10085470085470086 0.31814903846153847 0.13247863247863248 0.021875
0 0.10384615384615385 0.29627403846153844 0.12478632478632479 0.023798076923076922
0 0.9354700854700855 0.38545673076923076 0.015384615384615385 0.08725961538461538
0 0.9106837606837607 0.3887019230769231 0.03076923076923077 0.08365384615384615
0 0.7811965811965812 0.39471153846153845 0.10683760683760683 0.010576923076923078
0 0.7816239316239316 0.38064903846153847 0.10683760683760683 0.01610576923076923
0 0.7790598290598291 0.3669471153846154 0.1111111111111111 0.011298076923076923
0 0.6450854700854701 0.3870192307692308 0.10897435897435898 0.022596153846153846
0 0.538034188034188 0.39615384615384613 0.1111111111111111 0.011057692307692308
0 0.5365384615384615 0.3836538461538462 0.10982905982905983 0.013461538461538462
0 0.9256410256410257 0.5010817307692308 0.09829059829059829 0.014182692307692308
0 0.2536324786324786 0.3407451923076923 0.1346153846153846 0.021875
0 0.9245726495726496 0.4862980769230769 0.10042735042735043 0.014423076923076924
0 0.8014957264957265 0.47427884615384613 0.09444444444444444 0.0125
0 0.19786324786324785 0.5004807692307692 0.13760683760683762 0.015384615384615385
0 0.3386752136752137 0.45516826923076925 0.1311965811965812 0.018509615384615385
0 0.33525641025641023 0.4757211538461538 0.1311965811965812 0.022596153846153846
0 0.3384615384615385 0.4933894230769231 0.13760683760683762 0.013221153846153846
0 0.4705128205128205 0.4324519230769231 0.12136752136752137 0.022115384615384617
0 0.47478632478632476 0.45108173076923075 0.1282051282051282 0.014182692307692308
0 0.4724358974358974 0.4700721153846154 0.13034188034188035 0.020913461538461537
0 0.47628205128205126 0.4896634615384615 0.1371794871794872 0.01730769230769231
0 0.597008547008547 0.4502403846153846 0.10170940170940171 0.015865384615384615
0 0.5989316239316239 0.4662259615384615 0.09700854700854701 0.01610576923076923
0 0.5976495726495726 0.4829326923076923 0.0952991452991453 0.014903846153846155
0 0.7004273504273504 0.44759615384615387 0.10170940170940171 0.017788461538461538
0 0.7006410256410256 0.4651442307692308 0.09957264957264957 0.014903846153846155
0 0.7021367521367521 0.4798076923076923 0.10427350427350428 0.014423076923076924
0 0.8014957264957265 0.4580528846153846 0.09444444444444444 0.019471153846153846
0 0.9194444444444444 0.4731971153846154 0.10555555555555556 0.008413461538461538
0 0.9485042735042735 0.20829326923076924 0.08162393162393163 0.10024038461538462
0 0.08376068376068375 0.47620192307692305 0.044444444444444446 0.06538461538461539
0 0.9215811965811965 0.5536057692307692 0.08247863247863248 0.015384615384615385
0 0.9014957264957265 0.7778846153846154 0.0782051282051282 0.020192307692307693
0 0.16047008547008548 0.752764423076923 0.12606837606837606 0.021875
0 0.15512820512820513 0.7314903846153846 0.13247863247863248 0.014423076923076924
0 0.39636752136752135 0.6962740384615385 0.09871794871794871 0.018509615384615385
0 0.41239316239316237 0.7276442307692308 0.09829059829059829 0.015865384615384615
0 0.41367521367521365 0.7460336538461538 0.09316239316239316 0.020913461538461537
0 0.5200854700854701 0.6969951923076924 0.1 0.025240384615384616
0 0.5207264957264958 0.7161057692307692 0.09957264957264957 0.012980769230769231
0 0.5211538461538462 0.7328125 0.10213675213675213 0.02139423076923077
0 0.6196581196581197 0.6888221153846154 0.09230769230769231 0.018990384615384614
0 0.6198717948717949 0.7039663461538461 0.09102564102564102 0.011298076923076923
0 0.6200854700854701 0.7225961538461538 0.09316239316239316 0.022596153846153846
0 0.7517094017094017 0.6790865384615384 0.09230769230769231 0.019230769230769232
0 0.7508547008547009 0.6944711538461539 0.09230769230769231 0.007692307692307693
0 0.7538461538461538 0.7102163461538461 0.08547008547008547 0.02139423076923077
0 0.7803418803418803 0.7689903846153846 0.022222222222222223 0.06682692307692308
0 0.8331196581196582 0.6954326923076923 0.06025641025641026 0.023076923076923078
0 0.7397435897435898 0.7695913461538462 0.05726495726495726 0.0641826923076923
0 0.5764957264957264 0.8158653846153846 0.022222222222222223 0.035096153846153846
0 0.8057692307692308 0.21790865384615385 0.045726495726495724 0.084375
0 0.9764957264957265 0.40024038461538464 0.04871794871794872 0.06153846153846154
0 0.039316239316239315 0.8665865384615384 0.07008547008547009 0.06538461538461539
0 0.1297008547008547 0.8395432692307693 0.03290598290598291 0.06947115384615385
0 0.16175213675213676 0.8362980769230769 0.03205128205128205 0.07596153846153846
0 0.2264957264957265 0.8584134615384615 0.05726495726495726 0.020192307692307693
0 0.1967948717948718 0.8143028846153846 0.031196581196581197 0.031971153846153844
0 0.24316239316239316 0.815264423076923 0.05299145299145299 0.024278846153846154
0 0.29252136752136754 0.8072115384615385 0.02863247863247863 0.046634615384615385
0 0.33076923076923076 0.8177884615384615 0.03247863247863248 0.07740384615384616
0 0.36047008547008547 0.8149038461538461 0.02435897435897436 0.08461538461538462
0 0.4012820512820513 0.834375 0.040170940170940174 0.014903846153846155
0 0.4371794871794872 0.83125 0.03162393162393162 0.023557692307692307
0 0.5089743589743589 0.7875 0.03162393162393162 0.058653846153846154
0 0.5512820512820513 0.8188701923076923 0.02735042735042735 0.026682692307692307
0 0.6735042735042736 0.7731971153846153 0.06923076923076923 0.06899038461538462
0 0.9207264957264957 0.5664663461538462 0.08504273504273505 0.008894230769230769
0 0.919017094017094 0.6725961538461539 0.1064102564102564 0.019230769230769232
0 0.9245726495726496 0.7033653846153847 0.10042735042735043 0.0125
0 0.2705128205128205 0.5676682692307692 0.10683760683760683 0.01610576923076923
0 0.4482905982905983 0.5426682692307693 0.08803418803418804 0.020913461538461537
0 0.4519230769230769 0.5617788461538461 0.09358974358974359 0.015384615384615385
0 0.5452991452991452 0.5229567307692308 0.10256410256410256 0.01514423076923077
0 0.5487179487179488 0.5413461538461538 0.09401709401709402 0.01730769230769231
0 0.5512820512820513 0.5558894230769231 0.09743589743589744 0.010817307692307692
0 0.6373931623931623 0.512860576923077 0.07307692307692308 0.019471153846153846
0 0.6450854700854701 0.5348557692307693 0.0858974358974359 0.020673076923076922
0 0.6465811965811966 0.5520432692307692 0.08034188034188035 0.012740384615384615
0 0.7371794871794872 0.5115384615384615 0.10256410256410256 0.015865384615384615
0 0.7397435897435898 0.5283653846153846 0.09743589743589744 0.01730769230769231
0 0.7397435897435898 0.5445913461538462 0.09743589743589744 0.014182692307692308
0 0.833974358974359 0.5234375 0.06794871794871794 0.020913461538461537
0 0.8395299145299145 0.5417067307692308 0.08162393162393163 0.013221153846153846
0 0.9226495726495727 0.5358173076923077 0.07606837606837606 0.015384615384615385
0 0.26346153846153847 0.5513221153846154 0.09700854700854701 0.013701923076923077
0 0.9235042735042736 0.6907451923076923 0.09829059829059829 0.01514423076923077
0 0.2626068376068376 0.5350961538461538 0.09957264957264957 0.016826923076923076
0 0.1371794871794872 0.5625 0.12564102564102564 0.023557692307692307
0 0.1576923076923077 0.6111778846153846 0.13760683760683762 0.01658653846153846
0 0.15918803418803418 0.628125 0.1405982905982906 0.014903846153846155
0 0.16196581196581197 0.6518028846153846 0.13504273504273503 0.031971153846153844
0 0.03290598290598291 0.6268028846153846 0.042735042735042736 0.09254807692307693
0 0.31858974358974357 0.6074519230769231 0.13803418803418804 0.026923076923076925
0 0.31346153846153846 0.6268028846153846 0.13547008547008546 0.010817307692307692
0 0.319017094017094 0.6460336538461539 0.12179487179487179 0.020913461538461537
0 0.48055555555555557 0.6276442307692308 0.11666666666666667 0.032692307692307694
0 0.5931623931623932 0.5974759615384615 0.10854700854700855 0.02139423076923077
0 0.5982905982905983 0.6213942307692307 0.1111111111111111 0.025
0 0.7153846153846154 0.6118990384615385 0.10598290598290598 0.02139423076923077
0 0.822008547008547 0.5852163461538461 0.09957264957264957 0.013221153846153846
0 0.8200854700854701 0.5997596153846154 0.10341880341880341 0.013461538461538462
0 0.8222222222222222 0.6123798076923077 0.10427350427350428 0.010817307692307692
0 0.13482905982905982 0.5415865384615385 0.13205128205128205 0.016826923076923076
0 0.13803418803418804 0.5807692307692308 0.12564102564102564 0.0125
