0 0.9770447530864198 0.6235894097222222 0.016589506172839507 0.017578125
0 0.8931327160493827 0.6678602430555556 0.10339506172839506 0.012803819444444444
0 0.8940972222222222 0.6232638888888888 0.10532407407407407 0.016927083333333332
0 0.956983024691358 0.6241319444444444 0.02199074074074074 0.015625
0 0.5154320987654321 0.7970920138888888 0.09953703703703703 0.014322916666666666
0 0.19945987654320987 0.5215928819444444 0.10030864197530864 0.014973958333333334
0 0.8913966049382716 0.6806640625 0.09452160493827161 0.011067708333333334
0 0.40335648148148145 0.7945963541666666 0.10223765432098765 0.013671875
0 0.18422067901234568 0.7932942708333334 0.08989197530864197 0.014973958333333334
0 0.2978395061728395 0.7921006944444444 0.09259259259259259 0.012586805555555556
0 0.29378858024691357 0.7779947916666666 0.10223765432098765 0.011284722222222222
0 0.2959104938271605 0.7633463541666666 0.10416666666666667 0.014105902777777778
0 0.18306327160493827 0.7779947916666666 0.10223765432098765 0.012586805555555556
0 0.18074845679012347 0.7648654513888888 0.09760802469135803 0.014539930555555556
0 0.8969907407407407 0.6997612847222222 0.10570987654320987 0.012803819444444444
0 0.9762731481481481 0.6549479166666666 0.050540123456790126 0.009982638888888888
0 0.9749228395061729 0.6682942708333334 0.05246913580246913 0.011501736111111112
0 0.09162808641975309 0.7434895833333334 0.09837962962962964 0.010850694444444444
0 0.07426697530864197 0.7686631944444444 0.08912037037037036 0.010850694444444444
0 0.07310956790123457 0.7916666666666666 0.09143518518518519 0.014756944444444444
0 0.19270833333333334 0.5425347222222222 0.11612654320987655 0.017795138888888888
0 0.4018132716049383 0.7776692708333334 0.10300925925925926 0.018880208333333332
0 0.5825617283950617 0.4567057291666667 0.1095679012345679 0.017144097222222224
0 0.055169753086419755 0.2492404513888889 0.11033950617283951 0.017578125
0 0.6975308641975309 0.4405381944444444 0.11033950617283951 0.012586805555555556
0 0.06905864197530864 0.5246310763888888 0.10802469135802469 0.015842013888888888
0 0.07156635802469136 0.5411241319444444 0.11304012345679013 0.014973958333333334
0 0.19945987654320987 0.505859375 0.10030864197530864 0.014322916666666666
0 0.3113425925925926 0.5274522569444444 0.1095679012345679 0.015842013888888888
0 0.3115354938271605 0.5437282986111112 0.1099537037037037 0.011935763888888888
0 0.4214891975308642 0.5092230902777778 0.11072530864197531 0.015842013888888888
0 0.423804012345679 0.5243055555555556 0.11072530864197531 0.015190972222222222
0 0.42399691358024694 0.5414496527777778 0.10570987654320987 0.018663194444444444
0 0.06809413580246913 0.5083550347222222 0.11149691358024691 0.016710069444444444
0 0.5314429012345679 0.5356987847222222 0.08217592592592593 0.029296875
0 0.7835648148148148 0.5090060763888888 0.10570987654320987 0.015407986111111112
0 0.6711033950617284 0.5276692708333334 0.10686728395061729 0.016276041666666668
0 0.7822145061728395 0.5276692708333334 0.10532407407407407 0.016276041666666668
0 0.6728395061728395 0.5447048611111112 0.10570987654320987 0.016493055555555556
0 0.7827932098765432 0.5442708333333334 0.10648148148148148 0.015625
0 0.9407793209876543 0.5177951388888888 0.11381172839506173 0.010416666666666666
0 0.9432870370370371 0.5315755208333334 0.1087962962962963 0.015407986111111112
0 0.9436728395061729 0.5462239583333334 0.11419753086419752 0.013888888888888888
0 0.6765046296296297 0.5105251736111112 0.10841049382716049 0.015407986111111112
0 0.6909722222222222 0.4226345486111111 0.10725308641975309 0.018880208333333332
0 0.9184027777777778 0.4583333333333333 0.10378086419753087 0.014756944444444444
0 0.9189814814814815 0.4235026041666667 0.11033950617283951 0.014973958333333334
0 0.045910493827160496 0.7046440972222222 0.08719135802469136 0.01171875
0 0.044174382716049385 0.6880425347222222 0.08371913580246913 0.014539930555555556
0 0.15219907407407407 0.6909722222222222 0.1099537037037037 0.012152777777777778
0 0.15354938271604937 0.7061631944444444 0.11651234567901235 0.012586805555555556
0 0.27353395061728397 0.6946614583333334 0.11882716049382716 0.013888888888888888
0 0.27141203703703703 0.7085503472222222 0.11458333333333333 0.010850694444444444
0 0.5256558641975309 0.6759982638888888 0.11998456790123457 0.013020833333333334
0 0.5237268518518519 0.6901041666666666 0.12152777777777778 0.010416666666666666
0 0.9189814814814815 0.4411892361111111 0.11033950617283951 0.016927083333333332
0 0.5252700617283951 0.7051866319444444 0.1246141975308642 0.012803819444444444
0 0.6508487654320988 0.7048611111111112 0.12654320987654322 0.014756944444444444
0 0.7787422839506173 0.673828125 0.12307098765432099 0.014322916666666666
0 0.7777777777777778 0.6889105902777778 0.12114197530864197 0.013671875
0 0.777391975308642 0.7046440972222222 0.1257716049382716 0.01171875
0 0.6961805555555556 0.4576822916666667 0.1076388888888889 0.016059027777777776
0 0.8036265432098766 0.4224175347222222 0.10802469135802469 0.018446180555555556
0 0.8069058641975309 0.4411892361111111 0.10532407407407407 0.016927083333333332
0 0.8076774691358025 0.4594184027777778 0.11149691358024691 0.013888888888888888
0 0.6464120370370371 0.6732855902777778 0.1076388888888889 0.013237847222222222
0 0.6508487654320988 0.6899956597222222 0.12114197530864197 0.015842013888888888
0 0.9722222222222222 0.68359375 0.05246913580246913 0.014322916666666666
0 0.05652006172839506 0.23046875 0.10455246913580248 0.018229166666666668
0 0.40007716049382713 0.3262803819444444 0.12268518518518519 0.016710069444444444
0 0.6813271604938271 0.6260850694444444 0.10262345679012345 0.016927083333333332
0 0.6838348765432098 0.6103515625 0.1076388888888889 0.013237847222222222
0 0.6832561728395061 0.5924479166666666 0.1087962962962963 0.016059027777777776
0 0.4652777777777778 0.625 0.1087962962962963 0.014756944444444444
0 0.5725308641975309 0.6246744791666666 0.1095679012345679 0.016710069444444444
0 0.5707947530864198 0.6079644097222222 0.10609567901234568 0.017144097222222224
0 0.5677083333333334 0.5857204861111112 0.09992283950617284 0.014756944444444444
0 0.44367283950617287 0.5946180555555556 0.02546296296296296 0.037760416666666664
0 0.3557098765432099 0.6253255208333334 0.10416666666666667 0.015407986111111112
0 0.3557098765432099 0.6085069444444444 0.1087962962962963 0.012586805555555556
0 0.35628858024691357 0.5938585069444444 0.1099537037037037 0.014105902777777778
0 0.24807098765432098 0.6251085069444444 0.10802469135802469 0.014973958333333334
0 0.24633487654320987 0.6081814236111112 0.10455246913580248 0.017578125
0 0.27141203703703703 0.3249782986111111 0.12924382716049382 0.014105902777777778
0 0.25135030864197533 0.5813802083333334 0.09452160493827161 0.014322916666666666
0 0.12866512345679013 0.6057942708333334 0.12770061728395063 0.015407986111111112
0 0.8560956790123457 0.5232204861111112 0.029320987654320986 0.013020833333333334
0 0.8564814814814815 0.5105251736111112 0.03009259259259259 0.009765625
0 0.8728780864197531 0.4983723958333333 0.07291666666666667 0.008029513888888888
0 0.5283564814814815 0.3268229166666667 0.13078703703703703 0.015190972222222222
0 0.6657021604938271 0.3276909722222222 0.13618827160493827 0.016927083333333332
0 0.12229938271604938 0.4214409722222222 0.12037037037037036 0.016493055555555556
0 0.12172067901234568 0.4383680555555556 0.11921296296296297 0.016927083333333332
0 0.12172067901234568 0.4555121527777778 0.11612654320987655 0.016927083333333332
0 0.24189814814814814 0.4369574652777778 0.11496913580246913 0.016710069444444444
0 0.23861882716049382 0.4560546875 0.11381172839506173 0.018446180555555556
0 0.3557098765432099 0.4229600694444444 0.11419753086419752 0.016927083333333332
0 0.35725308641975306 0.4385850694444444 0.11188271604938271 0.014322916666666666
0 0.35474537037037035 0.4565972222222222 0.11226851851851852 0.016927083333333332
0 0.1259645061728395 0.6248914930555556 0.12770061728395063 0.017144097222222224
0 0.9290123456790124 0.3330078125 0.10493827160493827 0.018880208333333332
0 0.9340277777777778 0.3502604166666667 0.11882716049382716 0.014322916666666666
0 0.794945987654321 0.3460286458333333 0.13078703703703703 0.017144097222222224
0 0.058256172839506175 0.2686631944444444 0.11265432098765432 0.017795138888888888
0 0.18016975308641975 0.2520616319444444 0.07175925925925926 0.016710069444444444
0 0.18209876543209877 0.2702907986111111 0.12037037037037036 0.016710069444444444
0 0.3099922839506173 0.23621961805555555 0.12229938271604938 0.015842013888888888
0 0.30439814814814814 0.2522786458333333 0.12191358024691358 0.015842013888888888
0 0.3055555555555556 0.2687717013888889 0.12191358024691358 0.015842013888888888
0 0.43074845679012347 0.2516276041666667 0.12229938271604938 0.015842013888888888
0 0.43209876543209874 0.2683376736111111 0.12191358024691358 0.015842013888888888
0 0.5073302469135802 0.2488064236111111 0.02854938271604938 0.0661892361111111
0 0.5378086419753086 0.24837239583333334 0.02854938271604938 0.0661892361111111
0 0.5682870370370371 0.2466362847222222 0.02854938271604938 0.0661892361111111
0 0.6006944444444444 0.2472873263888889 0.02854938271604938 0.0661892361111111
0 0.6331018518518519 0.24739583333333334 0.032407407407407406 0.06684027777777778
0 0.6716820987654321 0.24869791666666666 0.032407407407407406 0.06684027777777778
0 0.8858024691358025 0.1970486111111111 0.10339506172839506 0.016059027777777776
0 0.8848379629629629 0.2138671875 0.10609567901234568 0.013237847222222222
0 0.8842592592592593 0.2316623263888889 0.11033950617283951 0.014973958333333334
0 0.6626157407407407 0.3444010416666667 0.13001543209876543 0.016493055555555556
0 0.5306712962962963 0.3458116319444444 0.13001543209876543 0.019314236111111112
0 0.39969135802469136 0.3442925347222222 0.13194444444444445 0.019314236111111112
0 0.2667824074074074 0.3432074652777778 0.13001543209876543 0.018880208333333332
0 0.9349922839506173 0.3667534722222222 0.13001543209876543 0.020833333333333332
0 0.7934027777777778 0.3657769097222222 0.13001543209876543 0.020616319444444444
0 0.4677854938271605 0.4220920138888889 0.1091820987654321 0.017795138888888888
0 0.660108024691358 0.3642578125 0.13040123456790123 0.020616319444444444
0 0.39679783950617287 0.3646918402777778 0.13001543209876543 0.020616319444444444
0 0.2613811728395062 0.3653428819444444 0.13078703703703703 0.020616319444444444
0 0.12692901234567902 0.3641493055555556 0.13425925925925927 0.01953125
0 0.13155864197530864 0.3445095486111111 0.12885802469135801 0.014105902777777778
0 0.9299768518518519 0.2750651041666667 0.11226851851851852 0.018012152777777776
0 0.9135802469135802 0.2599826388888889 0.08410493827160494 0.013020833333333334
0 0.5281635802469136 0.3653428819444444 0.13040123456790123 0.020616319444444444
0 0.4689429012345679 0.4377170138888889 0.11149691358024691 0.014756944444444444
0 0.47704475308641975 0.5922309027777778 0.02662037037037037 0.047309027777777776
0 0.5812114197530864 0.4377170138888889 0.11149691358024691 0.018229166666666668
0 0.47010030864197533 0.4571397569444444 0.10841049382716049 0.014973958333333334
0 0.9812885802469136 0.7645399305555556 0.02044753086419753 0.054253472222222224
0 0.9537037037037037 0.7625868055555556 0.024691358024691357 0.057291666666666664
0 0.9193672839506173 0.7623697916666666 0.026234567901234566 0.054253472222222224
0 0.8614969135802469 0.7608506944444444 0.024691358024691357 0.05381944444444445
0 0.7282021604938271 0.7901475694444444 0.10223765432098765 0.014322916666666666
0 0.7330246913580247 0.7761501736111112 0.10648148148148148 0.011501736111111112
0 0.7312885802469136 0.7624782986111112 0.10841049382716049 0.012369791666666666
0 0.6188271604938271 0.7934027777777778 0.09722222222222222 0.018229166666666668
0 0.623070987654321 0.7725694444444444 0.09567901234567901 0.009982638888888888
0 0.5104166666666666 0.7615017361111112 0.10493827160493827 0.010416666666666666
0 0.8942901234567902 0.6041666666666666 0.10030864197530864 0.015190972222222222
0 0.8290895061728395 0.7566189236111112 0.024691358024691357 0.054036458333333336
0 0.7876157407407407 0.6263020833333334 0.10146604938271606 0.014322916666666666
0 0.7905092592592593 0.6092664930555556 0.10185185185185185 0.014105902777777778
0 0.7866512345679012 0.5916883680555556 0.09953703703703703 0.015407986111111112
0 0.8900462962962963 0.5873480902777778 0.09722222222222222 0.014973958333333334
