0 0.18086472602739725 0.7056490384615385 0.11857876712328767 0.018028846153846152
0 0.5147688356164384 0.7413461538461539 0.09888698630136987 0.014903846153846155
0 0.5136986301369864 0.7576923076923077 0.09246575342465753 0.016346153846153847
0 0.3955479452054795 0.7603365384615385 0.1095890410958904 0.016346153846153847
0 0.3940496575342466 0.7423076923076923 0.10830479452054795 0.01875
0 0.1832191780821918 0.6864182692307692 0.11472602739726027 0.015625
0 0.4852311643835616 0.5686298076923076 0.12457191780821918 0.017548076923076923
0 0.3017979452054795 0.6748798076923077 0.11815068493150685 0.01706730769230769
0 0.8261986301369864 0.5712740384615385 0.09332191780821918 0.018028846153846152
0 0.605736301369863 0.5704326923076923 0.1095890410958904 0.01875
0 0.4886558219178082 0.5338942307692308 0.11601027397260275 0.01875
0 0.4850171232876712 0.5513221153846154 0.1190068493150685 0.01706730769230769
0 0.3623715753424658 0.5692307692307692 0.11857876712328767 0.016346153846153847
0 0.3613013698630137 0.5515625 0.12071917808219178 0.01658653846153846
0 0.3668664383561644 0.5337740384615385 0.1232876712328767 0.014663461538461538
0 0.23523116438356165 0.5501201923076923 0.12457191780821918 0.01610576923076923
0 0.2752568493150685 0.7594951923076924 0.10702054794520548 0.015625
0 0.23694349315068494 0.5324519230769231 0.12371575342465753 0.016826923076923076
0 0.0821917808219178 0.5278846153846154 0.023116438356164382 0.07115384615384615
0 0.8839897260273972 0.571875 0.017123287671232876 0.016826923076923076
0 0.15132705479452055 0.5465144230769231 0.033818493150684935 0.0641826923076923
0 0.8715753424657534 0.4735576923076923 0.06506849315068493 0.038461538461538464
0 0.7767551369863014 0.47307692307692306 0.11857876712328767 0.013461538461538462
0 0.7771832191780822 0.459375 0.11943493150684932 0.0125
0 0.6545376712328768 0.4723557692307692 0.1172945205479452 0.01201923076923077
0 0.6547517123287672 0.4594951923076923 0.11772260273972603 0.012740384615384615
0 0.5299657534246576 0.4723557692307692 0.12071917808219178 0.01201923076923077
0 0.5329623287671232 0.45829326923076924 0.12243150684931507 0.012740384615384615
0 0.4086044520547945 0.4717548076923077 0.11686643835616438 0.013221153846153846
0 0.4086044520547945 0.45829326923076924 0.11686643835616438 0.012740384615384615
0 0.284888698630137 0.4721153846153846 0.1211472602739726 0.011538461538461539
0 0.2806078767123288 0.45829326923076924 0.11686643835616438 0.012740384615384615
0 0.1172945205479452 0.5472355769230769 0.03424657534246575 0.065625
0 0.18257705479452055 0.6699519230769231 0.12200342465753425 0.013942307692307693
0 0.960402397260274 0.4751201923076923 0.07577054794520548 0.036778846153846155
0 0.14918664383561644 0.6044471153846154 0.1074486301369863 0.018990384615384614
0 0.3013698630136986 0.6919471153846154 0.11472602739726027 0.01658653846153846
0 0.3035102739726027 0.7085336538461539 0.1190068493150685 0.014663461538461538
0 0.4317208904109589 0.6829326923076923 0.11857876712328767 0.015384615384615385
0 0.4321489726027397 0.6965144230769231 0.11772260273972603 0.012259615384615384
0 0.5550085616438356 0.7092548076923076 0.11601027397260275 0.013221153846153846
0 0.5547945205479452 0.6951923076923077 0.11215753424657535 0.014903846153846155
0 0.553082191780822 0.6789663461538461 0.11558219178082192 0.011298076923076923
0 0.6949914383561644 0.6765625 0.10488013698630137 0.011298076923076923
0 0.695847602739726 0.6882211538461539 0.10316780821917808 0.009615384615384616
0 0.6975599315068494 0.6984375 0.10830479452054795 0.008413461538461538
0 0.849957191780822 0.6984375 0.11087328767123288 0.013221153846153846
0 0.14940068493150685 0.6216346153846154 0.10273972602739725 0.015865384615384615
0 0.8478167808219178 0.6831730769230769 0.11087328767123288 0.016346153846153847
0 0.8615154109589042 0.6044471153846154 0.0877568493150685 0.019471153846153846
0 0.7647688356164384 0.6224759615384615 0.09460616438356165 0.01706730769230769
0 0.7654109589041096 0.603125 0.0958904109589041 0.019230769230769232
0 0.6665239726027398 0.6209134615384615 0.09845890410958905 0.016346153846153847
0 0.5659246575342466 0.6211538461538462 0.09845890410958905 0.014423076923076924
0 0.464041095890411 0.6194711538461538 0.10102739726027397 0.017788461538461538
0 0.4633989726027397 0.6013221153846153 0.09803082191780822 0.015625
0 0.359375 0.6212740384615385 0.1014554794520548 0.01658653846153846
0 0.3600171232876712 0.6024038461538461 0.10102739726027397 0.017788461538461538
0 0.2562071917808219 0.6215144230769231 0.09803082191780822 0.01514423076923077
0 0.2555650684931507 0.603125 0.10102739726027397 0.016826923076923076
0 0.8617294520547946 0.6229567307692307 0.08818493150684932 0.015625
0 0.2746147260273973 0.7433894230769231 0.10402397260273973 0.01658653846153846
0 0.2752568493150685 0.3808894230769231 0.10702054794520548 0.01514423076923077
0 0.1586044520547945 0.7507211538461539 0.11429794520547945 0.011538461538461539
0 0.4835188356164384 0.1527644230769231 0.0954623287671233 0.07043269230769231
0 0.5939640410958904 0.1561298076923077 0.11172945205479452 0.06754807692307692
0 0.6806506849315068 0.17115384615384616 0.0547945205479452 0.04038461538461539
0 0.7624143835616438 0.18245192307692307 0.0642123287671233 0.01730769230769231
0 0.960402397260274 0.12764423076923076 0.07577054794520548 0.012980769230769231
0 0.9612585616438356 0.140625 0.08176369863013698 0.0125
0 0.957833904109589 0.15420673076923078 0.08690068493150685 0.011298076923076923
0 0.9586900684931506 0.1673076923076923 0.08261986301369863 0.012980769230769231
0 0.9633989726027398 0.18365384615384617 0.07748287671232877 0.0125
0 0.057148972602739725 0.16310096153846154 0.09888698630136987 0.045432692307692306
0 0.2508561643835616 0.31514423076923076 0.031678082191780824 0.06682692307692308
0 0.04901541095890411 0.3247596153846154 0.05179794520547945 0.08413461538461539
0 0.09910102739726027 0.30697115384615387 0.022688356164383562 0.08173076923076923
0 0.1292808219178082 0.3063701923076923 0.028253424657534245 0.08052884615384616
0 0.159888698630137 0.3055288461538462 0.029537671232876712 0.08125
0 0.3805650684931507 0.1606971153846154 0.09931506849315068 0.05504807692307692
0 0.2925941780821918 0.15661057692307692 0.06806506849315068 0.06129807692307692
0 0.15753424657534246 0.7651442307692308 0.11643835616438356 0.013942307692307693
0 0.050299657534246575 0.8631009615384615 0.05351027397260274 0.05456730769230769
0 0.033818493150684935 0.4282451923076923 0.06506849315068493 0.08581730769230769
0 0.9599743150684932 0.7914663461538461 0.08347602739726027 0.01706730769230769
0 0.9539811643835616 0.8848557692307693 0.09289383561643835 0.014423076923076924
0 0.9486301369863014 0.8646634615384615 0.09503424657534247 0.01971153846153846
0 0.9456335616438356 0.8497596153846154 0.08904109589041095 0.011057692307692308
0 0.4289383561643836 0.8623798076923077 0.02482876712328767 0.07379807692307692
0 0.402611301369863 0.8633413461538462 0.019263698630136987 0.07427884615384615
0 0.1892123287671233 0.30817307692307694 0.023972602739726026 0.08173076923076923
0 0.3790667808219178 0.854326923076923 0.019263698630136987 0.08028846153846154
0 0.3199914383561644 0.856610576923077 0.025256849315068493 0.07283653846153847
0 0.2940924657534247 0.85625 0.02054794520547945 0.07451923076923077
0 0.2673373287671233 0.8538461538461538 0.026113013698630137 0.07692307692307693
0 0.24143835616438356 0.8548076923076923 0.021404109589041095 0.0764423076923077
0 0.20398116438356165 0.8570913461538462 0.027825342465753425 0.07860576923076923
0 0.1723030821917808 0.8579326923076923 0.02868150684931507 0.08028846153846154
0 0.12778253424657535 0.8534855769230769 0.029537671232876712 0.07860576923076923
0 0.3548801369863014 0.8546875 0.02226027397260274 0.07620192307692308
0 0.21810787671232876 0.3161057692307692 0.026113013698630137 0.06634615384615385
0 0.19220890410958905 0.15733173076923077 0.12414383561643835 0.06033653846153846
0 0.3129280821917808 0.31598557692307694 0.023972602739726026 0.06610576923076923
0 0.610445205479452 0.39795673076923077 0.10273972602739725 0.01706730769230769
0 0.6085188356164384 0.38245192307692305 0.10231164383561644 0.016826923076923076
0 0.4993578767123288 0.39807692307692305 0.1074486301369863 0.014423076923076924
0 0.4982876712328767 0.3842548076923077 0.09674657534246575 0.008413461538461538
0 0.3857020547945205 0.38269230769230766 0.10445205479452055 0.016346153846153847
0 0.572345890410959 0.8716346153846154 0.03424657534246575 0.04519230769230769
0 0.16095890410958905 0.4700721153846154 0.12157534246575342 0.00985576923076923
0 0.1601027397260274 0.4575721153846154 0.11986301369863013 0.013701923076923077
0 0.15560787671232876 0.41310096153846154 0.11172945205479452 0.015625
0 0.15325342465753425 0.39747596153846154 0.11215753424657535 0.015625
0 0.1577482876712329 0.38040865384615385 0.11172945205479452 0.01610576923076923
0 0.2711900684931507 0.3967548076923077 0.1151541095890411 0.01706730769230769
0 0.2733304794520548 0.4151442307692308 0.11087328767123288 0.016346153846153847
0 0.3884845890410959 0.39807692307692305 0.1074486301369863 0.014423076923076924
0 0.2823202054794521 0.3157451923076923 0.02696917808219178 0.065625
0 0.721318493150685 0.415625 0.10787671232876712 0.017788461538461538
0 0.8486729452054794 0.39747596153846154 0.11258561643835617 0.015625
0 0.4766695205479452 0.8544471153846154 0.03296232876712329 0.07524038461538461
0 0.961472602739726 0.30120192307692306 0.04794520547945205 0.10144230769230769
0 0.3480308219178082 0.3167067307692308 0.025684931506849314 0.06514423076923077
0 0.8476027397260274 0.3795673076923077 0.11472602739726027 0.015865384615384615
0 0.4118150684931507 0.3175480769230769 0.02910958904109589 0.06682692307692308
0 0.4452054794520548 0.31826923076923075 0.0273972602739726 0.06346153846153846
0 0.4758133561643836 0.31814903846153847 0.029537671232876712 0.065625
0 0.618792808219178 0.7490384615384615 0.09289383561643835 0.015865384615384615
0 0.7283818493150684 0.7768028846153846 0.09888698630136987 0.018990384615384614
0 0.8478167808219178 0.7697115384615385 0.0860445205479452 0.016826923076923076
0 0.3794948630136986 0.3174278846153846 0.02868150684931507 0.0641826923076923
0 0.5087756849315068 0.3188701923076923 0.02696917808219178 0.06466346153846154
0 0.581763698630137 0.3074519230769231 0.10873287671232877 0.015384615384615385
0 0.5815496575342466 0.3239182692307692 0.10830479452054795 0.01706730769230769
0 0.6680222602739726 0.3108173076923077 0.055222602739726026 0.08317307692307692
0 0.728167808219178 0.31069711538461536 0.059931506849315065 0.08197115384615385
0 0.790667808219178 0.31045673076923075 0.06078767123287671 0.08149038461538462
0 0.5102739726027398 0.8546875 0.029965753424657533 0.07620192307692308
0 0.8529537671232876 0.31069711538461536 0.062071917808219176 0.08197115384615385
