0 0.05913461538461538 0.7477423954372624 0.11506410256410256 0.02352661596958175
0 0.058653846153846154 0.7207699619771863 0.11217948717948718 0.025190114068441065
0 0.8645833333333334 0.6676568441064639 0.1516025641025641 0.021625475285171104
0 0.8649038461538462 0.6451996197718631 0.15224358974358973 0.02138783269961977
0 0.864423076923077 0.6206036121673004 0.15128205128205127 0.022100760456273766
0 0.7022435897435897 0.6673003802281369 0.1641025641025641 0.028517110266159697
0 0.44006410256410255 0.6303469581749049 0.027564102564102563 0.028754752851711026
0 0.7022435897435897 0.6134743346007605 0.16794871794871793 0.022576045627376425
0 0.533974358974359 0.6674192015209125 0.15897435897435896 0.028754752851711026
0 0.5376602564102564 0.6372385931558935 0.1625 0.025427756653992394
0 0.5342948717948718 0.6133555133079848 0.16282051282051282 0.019961977186311788
0 0.43846153846153846 0.6668250950570342 0.028205128205128206 0.02994296577946768
0 0.05881410256410256 0.7713878326996197 0.11442307692307692 0.022338403041825095
0 0.7014423076923076 0.6378326996197718 0.1625 0.026615969581749048
0 0.1998397435897436 0.7131653992395437 0.1625 0.016159695817490494
0 0.7128205128205128 0.8356701520912547 0.14871794871794872 0.02067490494296578
0 0.19887820512820512 0.7663973384030418 0.15737179487179487 0.02614068441064639
0 0.5248397435897436 0.7598621673003803 0.1605769230769231 0.025427756653992394
0 0.8639423076923077 0.8864068441064639 0.14711538461538462 0.02328897338403042
0 0.8636217948717949 0.8625237642585551 0.14967948717948718 0.022576045627376425
0 0.8658653846153846 0.8388783269961977 0.15096153846153845 0.022338403041825095
0 0.7142628205128205 0.8812975285171103 0.14134615384615384 0.023051330798479087
0 0.7125 0.8578897338403042 0.14487179487179488 0.02043726235741445
0 0.3386217948717949 0.6709838403041825 0.1625 0.02352661596958175
0 0.566025641025641 0.8797528517110266 0.14615384615384616 0.019961977186311788
0 0.5628205128205128 0.8589591254752852 0.14935897435897436 0.020199619771863117
0 0.5592948717948718 0.8362642585551331 0.14935897435897436 0.021863117870722433
0 0.5229166666666667 0.7336026615969582 0.15993589743589742 0.02709125475285171
0 0.5222756410256411 0.7112642585551331 0.15224358974358973 0.014733840304182509
0 0.36185897435897435 0.7628326996197718 0.15897435897435896 0.02709125475285171
0 0.3626602564102564 0.7347908745247148 0.1605769230769231 0.02709125475285171
0 0.36201923076923076 0.7115019011406845 0.15929487179487178 0.015209125475285171
0 0.19887820512820512 0.7368108365019012 0.16185897435897437 0.02400190114068441
0 0.8657051282051282 0.22552281368821292 0.1371794871794872 0.02709125475285171
0 0.4150641025641026 0.18108365019011408 0.04487179487179487 0.11692015209125475
0 0.8705128205128205 0.16302281368821292 0.13653846153846153 0.028517110266159697
0 0.17115384615384616 0.6697956273764258 0.16794871794871793 0.025903041825095056
0 0.1717948717948718 0.6384268060836502 0.16666666666666666 0.0278041825095057
0 0.4182692307692308 0.8691777566539924 0.13141025641025642 0.043013307984790874
0 0.2746794871794872 0.8700095057034221 0.13141025641025642 0.039923954372623575
0 0.27339743589743587 0.8367395437262357 0.1358974358974359 0.01806083650190114
0 0.13942307692307693 0.870722433460076 0.13205128205128205 0.043726235741444866
0 0.34118589743589745 0.6153754752851711 0.16442307692307692 0.02637832699619772
0 0.13669871794871793 0.8372148288973384 0.1330128205128205 0.02138783269961977
0 0.035416666666666666 0.8607414448669202 0.06762820512820512 0.02376425855513308
0 0.028846153846153848 0.8317490494296578 0.057692307692307696 0.02423954372623574
0 0.6828525641025641 0.7123336501901141 0.15929487179487178 0.01449619771863118
0 0.041826923076923074 0.6177519011406845 0.08365384615384615 0.023051330798479087
0 0.041346153846153845 0.6430608365019012 0.08269230769230769 0.022813688212927757
0 0.04358974358974359 0.6699144486692015 0.08717948717948718 0.025190114068441065
0 0.03397435897435897 0.8868821292775665 0.06602564102564103 0.026615969581749048
0 0.8641025641025641 0.19557984790874525 0.14358974358974358 0.029467680608365018
0 0.3407051282051282 0.6431796577946768 0.16346153846153846 0.027328897338403043
0 0.06266025641025641 0.16266634980988592 0.04519230769230769 0.1442490494296578
0 0.8668269230769231 0.13212927756653992 0.14583333333333334 0.02899239543726236
0 0.7556089743589743 0.18500475285171103 0.040705128205128206 0.1095532319391635
0 0.7153846153846154 0.18512357414448669 0.03333333333333333 0.10979087452471482
0 0.6748397435897436 0.1829847908745247 0.03942307692307692 0.11834600760456274
0 0.6296474358974359 0.1809648288973384 0.04262820512820513 0.11905893536121673
0 0.5431089743589743 0.18654942965779467 0.03685897435897436 0.10788973384030419
0 0.01971153846153846 0.16207224334600762 0.0375 0.1444866920152091
0 0.5028846153846154 0.18666825095057035 0.04294871794871795 0.10812737642585551
0 0.37083333333333335 0.17003326996197718 0.04038461538461539 0.1318916349809886
0 0.32916666666666666 0.17027091254752852 0.03974358974358974 0.13236692015209126
0 0.2863782051282051 0.16836977186311788 0.04455128205128205 0.1333174904942966
0 0.24326923076923077 0.1680133079847909 0.041666666666666664 0.13545627376425856
0 0.1987179487179487 0.1680133079847909 0.046153846153846156 0.13783269961977188
0 0.12868589743589742 0.1638545627376426 0.08685897435897436 0.14139733840304183
0 0.4600961538461538 0.18536121673003803 0.041346153846153845 0.10551330798479087
0 0.688301282051282 0.7320579847908745 0.15673076923076923 0.021625475285171104
0 0.583173076923077 0.18571768060836502 0.04006410256410257 0.10860266159695818
0 0.8522435897435897 0.7262357414448669 0.16666666666666666 0.02994296577946768
0 0.8947115384615385 0.3152328897338403 0.1516025641025641 0.028279467680608364
0 0.8950320512820513 0.3443441064638783 0.1625 0.02709125475285171
0 0.13541666666666666 0.40327946768060835 0.16698717948717948 0.025665399239543727
0 0.30112179487179486 0.4045865019011407 0.16378205128205128 0.021625475285171104
0 0.13205128205128205 0.43084600760456276 0.1673076923076923 0.02423954372623574
0 0.2983974358974359 0.43215304182509506 0.16538461538461538 0.025427756653992394
0 0.1330128205128205 0.45710551330798477 0.16602564102564102 0.02685361216730038
0 0.29775641025641025 0.4584125475285171 0.1576923076923077 0.024714828897338403
0 0.46634615384615385 0.4056558935361217 0.16025641025641027 0.028041825095057035
0 0.4637820512820513 0.43369771863117873 0.15897435897435896 0.024714828897338403
0 0.46121794871794874 0.45900665399239543 0.16025641025641027 0.02352661596958175
0 0.6298076923076923 0.4247861216730038 0.16666666666666666 0.031606463878326996
0 0.6315705128205128 0.45686787072243346 0.1701923076923077 0.028754752851711026
0 0.8083333333333333 0.39484315589353614 0.17243589743589743 0.028754752851711026
0 0.8022435897435898 0.45627376425855515 0.1673076923076923 0.030418250950570342
0 0.046955128205128205 0.5336264258555133 0.0907051282051282 0.02637832699619772
0 0.05128205128205128 0.564995247148289 0.09935897435897435 0.02970532319391635
0 0.18349358974358973 0.5162785171102662 0.16634615384615384 0.02400190114068441
0 0.3471153846153846 0.5158032319391636 0.15576923076923077 0.02400190114068441
0 0.5 0.5150903041825095 0.15128205128205127 0.031606463878326996
0 0.18365384615384617 0.5417062737642585 0.16346153846153846 0.022576045627376425
0 0.34599358974358974 0.5415874524714829 0.15352564102564104 0.024714828897338403
0 0.5003205128205128 0.5451520912547528 0.1519230769230769 0.024714828897338403
0 0.18477564102564104 0.5676093155893536 0.15544871794871795 0.027328897338403043
0 0.34278846153846154 0.5674904942965779 0.15416666666666667 0.024714828897338403
0 0.49903846153846154 0.5690351711026616 0.15256410256410258 0.023051330798479087
0 0.6782051282051282 0.5532319391634981 0.16666666666666666 0.06321292775665399
0 0.8504807692307692 0.5546577946768061 0.1766025641025641 0.05798479087452472
0 0.6838141025641026 0.7574857414448669 0.15737179487179487 0.0278041825095057
0 0.725 0.3259268060836502 0.1762820512820513 0.06677756653992395
0 0.5432692307692307 0.32390684410646386 0.1737179487179487 0.0679657794676806
0 0.8033653846153846 0.42609315589353614 0.16955128205128206 0.029467680608365018
0 0.38125 0.3438688212927757 0.1342948717948718 0.02376425855513308
0 0.06442307692307692 0.30133079847908745 0.12884615384615383 0.02994296577946768
0 0.06522435897435898 0.33709600760456276 0.12724358974358974 0.032081749049429654
0 0.25240384615384615 0.3159458174904943 0.15352564102564104 0.024477186311787073
0 0.22435897435897437 0.3427994296577947 0.16794871794871793 0.02685361216730038
0 0.06570512820512821 0.27103136882129275 0.1282051282051282 0.02400190114068441
0 0.8503205128205128 0.7568916349809885 0.1564102564102564 0.029467680608365018
