0 0.459328 0.384667 0.183502 0.028041
0 0.635340 0.394481 0.171023 0.023832
0 0.635963 0.376957 0.172269 0.021029
0 0.461824 0.360834 0.190993 0.029442
0 0.788883 0.363637 0.146053 0.028038
0 0.792003 0.388172 0.152295 0.029440
0 0.792006 0.413056 0.149799 0.027339
0 0.932202 0.414457 0.135595 0.024538
0 0.580413 0.642632 0.148549 0.023822
0 0.581663 0.662605 0.143557 0.025935
0 0.435610 0.636668 0.136066 0.017524
0 0.438108 0.658750 0.133570 0.022433
0 0.441226 0.682934 0.137316 0.020329
0 0.253979 0.639474 0.092376 0.017524
0 0.141631 0.658399 0.134820 0.024534
0 0.255165 0.660466 0.094996 0.016192
0 0.142879 0.738310 0.124833 0.021731
0 0.140381 0.764948 0.119837 0.024536
